51.2206 45.8285 50.1972 66.1213 122.985 1540.87 91.1777 44.1189 28.059 20.0741 
55.7317 46.4353 48.164 58.7545 90.3597 299.119 170.005 60.8369 35.4501 24.32 
62.7454 47.8955 47.0459 53.8447 73.2791 143.772 826.622 93.7832 46.9911 30.3227 
74.2759 50.4612 46.7836 50.6128 63.0842 98.3011 329.276 186.794 67.2746 39.3637 
95.472 54.6032 47.4146 48.6529 56.6148 77.0493 146.118 1917.98 111.473 54.3351 
144.483 61.2375 49.0897 47.7693 52.468 65.1252 98.0833 261.761 276.932 83.4083 
363.005 72.3327 52.1282 47.9121 49.9563 57.8604 76.4775 130.589 831.422 162.09 
482.738 92.9288 57.1537 49.1635 48.7426 53.3508 64.6465 91.1015 183.202 1046.64 
131.66 140.745 65.4326 51.7681 48.6976 50.7078 57.6038 72.647 109.348 274.5 
72.2691 352.49 79.8483 56.2262 49.8496 49.5008 53.3652 62.4469 81.6025 131.257 
48.1037 489.701 108.491 63.5228 52.3866 49.5465 51.0153 56.4367 67.6409 91.166 
