330.042 200.043 168.895 172.617 218.572 453.741 715.854 158.425 79.1641 48.8986 33.4849 
398.465 211.044 167.937 162.057 186.608 288.359 2312.81 261.626 106.651 61.2953 40.4471 
529.29 228.363 169.891 155.342 166.169 217.954 477.786 652.72 157.284 80.2581 50.2111 
863.108 255.668 175.236 151.853 152.784 179.926 279.438 1809.72 279.169 112.465 64.7421 
3263.35 300.75 184.96 151.384 144.248 156.996 204.819 412.34 947.951 178.067 88.3463 
1473.84 383.233 200.96 154.097 139.442 142.541 166.753 245.164 821.63 379.015 132.604 
553.37 570.194 227.002 160.587 137.869 133.555 144.621 181.598 309.858 29126.5 242.814 
323.746 1335.68 271.392 172.114 139.473 128.568 131.089 149.216 201.237 417.304 946.771 
220.749 2421.1 356.211 191.155 144.625 126.896 122.967 130.578 155.337 225.103 609.658 
163.092 576.746 565.018 222.849 154.238 128.346 118.729 119.431 131.079 162.091 252.017 
