241.673 179.2 167.158 188.021 282.863 1779.55 271.549 107.688 61.1957 40.092 
267.025 183.088 161.793 169.779 219.861 477.039 650.725 155.557 78.9784 49.2074 
307.36 190.708 159.405 157.615 184.229 287.753 2348.67 263.964 108.218 62.47 
376.863 203.396 159.953 149.822 162.145 213.118 454.77 729.162 164.389 83.3031 
517 223.68 163.743 145.524 147.961 174.209 264.829 1225.3 312.974 120.226 
921.894 256.688 171.535 144.359 139.015 151.25 194.175 361.319 1715.48 201.872 
10620.7 314.314 184.845 146.372 133.98 137.015 158.39 223.402 572.386 521.286 
955.066 431.31 206.663 152.033 132.247 128.311 137.748 168.482 263.949 1278.27 
426.31 769.498 243.355 162.413 133.684 123.601 125.274 140.068 180.622 318.144 
262.906 8217.72 310.773 179.623 138.573 122.161 117.944 123.685 143.118 193.75 
